-3 -2 5 6 -10 -1
2 4 -6 1 -3 9
3 7 -4 -5 8 6
-9 5 2 -4 7 -8
1 -2 3 4 5 -6
7 -8 9 -10 11 12
-13 14 -15 16 -17 18
19 -20 21 -22 23 -24
-3 9 4 7 -11 8
4 2 -5 -6 1 10
5 11 -9 -4 12 -3
2 -5 6 9 -7 -2
1 4 -3 -8 5 -6
6 -9 7 -10 8 -1
-12 11 8 14 -13 9
-7 -15 13 -16 3 -2
-3 -2 5 6 -10 -1
2 4 -6 1 -3 9
3 7 -4 -5 8 6
-9 5 2 -4 7 -8
1 -2 3 4 5 -6
7 -8 9 -10 11 12
-13 14 -15 16 -17 18
19 -20 21 -22 23 -24
-3 9 4 7 -11 8
4 2 -5 -6 1 10
5 11 -9 -4 12 -3
2 -5 6 9 -7 -2
1 4 -3 -8 5 -6
6 -9 7 -10 8 -1
-12 11 8 14 -13 9
-7 -15 13 -16 3 -2
-5 5 -1 -17 -13 12
4 -18 -12 5 -4 17
6 0 8 4 20 -7
18 5 11 9 -18 11
-18 13 -2 -14 -6 15
-11 14 -15 0 16 1
9 -10 17 -13 17 10
17 -10 14 6 20 -5
-2 11 13 5 -20 -20
-13 13 1 1 -16 -9
10 -3 10 16 9 13
15 -17 3 -18 -9 2
6 15 0 -15 7 -6
-1 5 -20 3 -9 20
-6 -13 17 -5 13 -20
-14 -18 8 8 2 -10
0 20 -12 6 13 4
-13 -7 8 -14 18 -20
-4 -8 3 13 7 -12
10 -17 4 1 -15 19
0 -10 -11 -10 13 -17
-7 5 1 -6 4 19
-18 -7 13 18 -15 4
-5 14 0 16 11 6
1 -4 -19 12 15 12
-14 -15 14 -10 8 -11
4 14 1 4 17 -10
-2 4 12 8 6 2
12 0 -13 -13 -17 5
15 -1 1 -10 16 7
13 15 -12 -16 4 2
12 20 -12 1 -20 7
10 -5 -19 8 18 16
-14 6 13 2 -18 -9
-17 -6 -1 -3 -1 10
10 -6 8 -19 -15 18
0 -20 2 -4 2 -12
20 -16 11 -13 -13 -18
8 -2 6 -1 13 1
-13 -8 19 11 10 12
2 18 -3 -1 14 2
14 -14 9 -12 -2 -16
14 10 12 -2 -20 -13
3 20 -20 -6 6 -6
9 3 -10 -14 -19 -16
-13 -3 1 -18 2 -12
-12 18 -12 13 19 -4
-1 2 18 -9 -11 -20
-2 10 -4 20 -13 8
15 9 -15 -4 -6 0
-13 20 15 10 -20 10
-20 10 -1 -11 2 -2
17 14 -11 17 -18 -8
6 2 1 -6 -10 7
-10 -4 3 -11 -16 11
14 7 11 -8 -7 -17
10 7 15 -20 9 12
-1 11 17 4 18 -7
4 -2 1 17 15 15
7 16 11 -6 -15 -4
-5 -2 -19 11 -4 18
0 11 -14 7 3 -8
11 -11 -10 15 -15 14
1 -16 17 -7 8 8
-6 -8 -1 -13 -1 5
7 18 9 9 -16 -8
10 -4 -9 -16 -12 14
-13 -1 5 14 5 9